v1 = [ 1 2 3 4 5 ] 
v2 = [ 1,2,3,4,5]